-0.0067772903
-0.02947804
-0.021629162
0.018953674
0.028851025
-0.017206058
-0.0009011701
0.0030381195
0.008358352
0.013209499
0.023340296
-0.019736342
-0.025552467
-0.011966273
-0.021720905
0.0048849247
-0.02478433
-0.011237178
-0.018727291
0.027506895
0.021589383
-0.02853189
-0.006056156
0.0011217631
-0.02010221
-0.022820279
-0.002334766
-0.0015650541
0.022745147
0.015612446
-0.0059914514
0.008287493
0.0076441728
-0.008805186
0.014116708
-0.022890229
-0.0043379404
-0.025971081
0.01420965
0.026706103
-0.010708645
-0.01535745
0.019235045
0.028258156
0.026026815
0.010188293
0.004734222
-0.03064869
0.005189292
-0.015744876
0.00259009
0.0137625635
0.012602795
0.006849833
0.01602412
0.012007415
-0.005805187
0.008410025
0.006838303
0.0009293705
-0.019034311
-0.028223637
-0.022675924
0.008299246
0.029382624
0.030531928
-0.02698294
-0.026108425
-0.011891637
-0.022207376
-0.013173249
-0.007202748
-0.025310226
-0.018768448
0.018002551
-0.022126868
-0.019941654
0.02935126
0.00078459084
-0.029986504
0.013451103
-0.021021202
0.0052172244
0.014076352
-0.0029965006
0.008715231
-0.028509516
-0.021083478
-0.0019382685
-0.015090436
0.0053004734
0.022474352
0.007512998
0.009305257
-0.012992192
0.02412147
0.030896515
0.012295373
-0.0020341314
-0.018261999
-0.0065815896
-0.02022621
-0.022101164
0.0064832643
-0.02778174
0.019057035
-0.010422096
-0.003926508
-0.030743241
-0.012477439
0.025370013
0.010278031
0.005514428
0.001239527
0.018302001
0.009744577
-0.0006504096
0.005674295
0.0295555
0.018304951
-0.0027188882
-0.022572622
0.030270629
-0.0029799603
0.01285566
-0.013248257
0.019118253
-0.01249256
0.019647986
0.008253112
-0.018759113
0.020374946
-0.014886562
0.023173861
0.02667689
0.02451032
0.00712952
-0.023335442
-0.011664256
-0.016814947
0.026769828
0.015499804
0.02904791
0.018548846
-0.024772242
-0.016379088
0.030429568
0.023599256
-0.008445393
0.020910043
-0.020828854
-0.0069077276
-0.004474681
-0.02030633
-0.012971345
-0.028639145
-0.020184368
0.0030753314
0.013167925
-0.007901974
0.019078132
-0.026894093
0.028842852
0.019022953
-0.005822461
0.031113341
-0.029848684
-0.008788504
-0.014621377
0.021197788
-0.014595374
-0.026686065
-0.010168206
-0.028193887
0.004896976
-0.017013311
-0.01028166
-0.026279777
-0.008638434
0.013996851
0.0055288263
-0.011659808
0.022528943
0.017607823
-0.0063212886
0.029120672
0.01254097
-0.023461588
0.02455303
-0.017729755
0.030322757
0.013340961
0.018749215
-0.012314346
0.02842722
-0.024715442
0.0047388263
-0.0031226166
-0.02142071
0.030920535
0.0014195368
0.02557642
-0.01954263
-0.010394879
-0.021023866
-0.025837813
-0.026384287
-0.021770392
-0.0023563057
0.028681315
0.021465778
-0.019475847
-0.003003247
-0.011006091
0.013075404
-0.024857651
0.015632018
-0.024891783
0.024214543
0.010820169
0.0301853
-0.0014162064
0.0017869584
0.0035934672
0.0090958215
0.029835157
0.010405898
0.016788587
-0.021966092
0.007626567
-0.009328537
0.021758825
0.01574675
0.025946382
-0.008800078
0.024295747
0.00898011
-0.01718174
0.017315187
0.020259745
-0.007111892
-0.019421857
0.012364443
0.0044479333
-0.014014475
0.01611717
-0.021608267
0.010478996
0.010766845
-0.008135881
0.02888807
0.011806119
-0.014670223
-0.0010547526
-0.0022309497
-0.008884404
