-0.024715886
0.04086791
-0.05991292
-0.04460586
0.059294283
-0.057334118
0.0013639256
-0.028252952
0.032476135
0.05160228
-0.021405227
0.043870427
0.043663107
-0.047044784
-0.05413664
0.056291386
-0.016734183
-0.0038720965
-0.042182297
-0.006389804
0.003184341
-0.013850234
0.006835632
0.05740448
0.051887557
0.021775633
-0.038630776
0.03231466
0.030747935
0.0066369697
-0.05673831
0.043043368
0.060105167
0.009178549
-0.04549715
0.03270895
-0.003322117
0.05932042
0.0032143295
0.04839787
-0.036135018
-0.0049741343
0.024915524
0.034589708
0.0121720955
-0.031955138
0.026648305
0.055613413
-0.01982642
0.0026286095
0.001966156
-0.035034962
-0.04974617
-0.015537567
-0.05445116
-0.062012292
-0.055519223
0.0006954074
0.009742878
-0.006007284
0.0009933934
-0.015403882
0.025918268
-0.0060022473
0.049042873
0.015061028
0.023088507
0.027604543
-0.031817064
0.021865375
0.023390174
0.038026124
-0.019480117
-0.05282945
-0.018181182
-0.034270994
0.061875425
-0.011254929
0.054823294
-0.05830223
-0.016112082
0.0057636723
-0.0010156184
-0.055335633
-0.020061836
0.04383114
0.035256334
0.046607777
0.027430981
0.0063843355
-0.02514258
-0.04394149
0.052275486
-0.06212788
0.033297665
0.050092697
-0.020140246
0.0063359663
-0.0016373396
0.043425463
0.015156455
0.042774387
0.007504761
0.026971087
0.050055355
0.036599167
-0.043213747
-0.014623605
-0.046945974
-0.0040914416
0.013626158
0.05352334
-0.045944132
0.03514278
-0.028658077
0.034384266
-0.015392065
-0.014068738
-0.029227056
0.037699692
-0.057951838
-0.049883604
0.03436596
0.059491254
-0.0060774386
-0.016502745
0.0018279105
-0.02947957
-0.053091377
0.032928273
0.041198283
-0.023373187
-0.053076275
0.0020760149
0.03244573
0.0047682524
0.017549247
0.05333697
0.02706416
-0.024187334
0.011893854
0.013509192
-0.00077071786
0.016283087
0.049862824
-0.048195735
-0.022323757
-0.028607719
-0.035337657
0.04755179
0.011807315
0.032888502
-0.027322024
0.009408884
-0.00391455
-0.04526186
-0.040723987
-0.037915505
-0.015092887
0.027988158
0.013333432
-0.017843403
0.048764057
0.037632093
-0.042947628
-0.05748555
0.040289573
0.04896141
0.02907724
0.054668084
0.028409615
0.041849308
0.0066085383
0.006064035
0.059099324
-0.013901964
0.011776097
0.012918837
0.014695607
0.0594977
0.012947544
0.052017592
-0.0232182
-0.027635582
-0.044671662
-0.001027137
-0.023333147
0.038330086
0.027080476
-0.04616385
0.0019338578
-0.034759015
0.026419483
-0.05975263
0.04160881
0.009240314
-0.0060390607
0.022544526
0.012655526
-0.0057955757
0.037735052
-0.042858034
-0.027962849
-0.009237051
-0.05267039
0.003790684
-0.05925498
-0.036416754
0.027788877
0.038687073
0.04082565
0.012023345
0.037097625
0.05432778
-0.008471116
-0.060849503
0.041923597
-0.012204528
0.016577303
0.045859978
0.031606555
-0.007695541
0.030495279
-0.042764388
-0.025750704
-0.015446968
0.04610177
-0.06113839
0.050364003
0.0049491897
0.0054724365
0.024296723
-0.04667037
-0.04828631
0.03885655
0.0056527182
0.0224007
0.012437709
-0.056537338
-0.016174503
-0.041302353
-0.041419946
0.026017599
0.009119689
0.034618996
-0.062216565
0.057170227
-0.028721645
0.0010372922
0.011944272
-0.01320257
0.046778157
0.00788755
0.0040085465
-0.059655353
0.026318438
-0.058519103
-0.038002588
0.04204829
-0.01549153
-0.027399436
-0.05320877
-0.008431509
-0.040543467
-0.052765995
0.054138042
0.03832706
-0.022365183
0.008241385
-0.04363682
-0.019429654
-0.034721605
-0.01022239
0.047536433
-0.0045212507
-0.027048975
-0.01828143
0.029735938
-0.057689607
-0.007926457
0.032365024
-0.053466715
0.04080973
-0.041818157
0.017764837
-0.007704802
-0.049774036
0.05157604
0.051330276
-0.0029829368
-0.0048937425
0.03514471
-0.008679152
-0.024417125
0.028800845
-0.014678329
-0.032587923
0.0314755
0.015077166
-0.049529567
-0.050431475
0.025341474
0.03408733
-0.01504349
0.007493548
0.0345155
-0.011921316
0.0595117
-0.006243445
0.03116005
0.008557819
0.03145849
-0.01830414
-0.018575348
0.016031884
0.030490614
0.0562867
-0.014085524
0.013412841
-0.043319046
-0.04983297
-0.061409026
0.04716669
0.04977774
0.022728749
-0.0024229288
0.046353586
-0.017944321
-0.009665623
0.022264205
-0.052591667
-0.009217612
-0.022087388
-0.018334687
-0.00857342
0.02029182
0.0089992955
-0.024540834
-0.025141492
-0.053998433
-0.023920402
-0.055868186
-0.0034477934
0.030987732
0.017127693
-0.055336483
-0.03920643
-0.0019795224
0.031253353
-0.007837124
-0.009485558
-0.050552696
0.01200147
-0.00873138
0.006955743
0.007450968
0.062423863
-0.02019538
-0.02586016
-0.04458464
0.028822318
-0.009445973
-0.006345153
0.02859465
0.006935142
-0.013507672
0.037798166
0.040538184
0.023411669
0.022818647
-0.018900827
-0.014245853
-0.0018083304
0.046904385
-0.038730286
-0.041085303
0.04056163
0.05412388
-0.02596794
0.049870506
0.041737475
0.0090034455
0.01830107
0.0106822625
0.060037553
0.00997144
0.0066788793
-0.057145186
0.0310402
0.055454224
0.019098073
0.011896759
0.017523475
0.019922838
0.021235242
-0.052256808
-0.038261533
0.051905647
-0.05021268
-0.013453357
0.040512063
-0.013049006
-0.060818866
0.0058178455
0.019661382
-0.013275564
-0.025102325
0.015004419
-0.00034481287
-0.017892443
0.03512031
-0.04372794
-0.034782827
-0.047598727
0.039774515
0.004701689
-0.0033208802
-0.057984293
0.024366118
-0.02523598
-0.008424446
0.034255415
-0.015147351
0.04801704
-0.024286322
-0.005196631
-0.035682075
-0.02855815
-0.048386052
-0.042242795
-0.035790324
-0.0003323853
-0.057336614
0.03900195
0.025151812
0.002067782
0.041898437
-0.058087617
0.061174877
-0.02617149
0.0068747774
0.017458111
0.003586024
-0.03647177
-0.04952149
0.03253808
0.008820847
-0.032284856
-0.043127388
-0.023339309
-0.05180659
0.036872633
-0.05520545
-4.7691166e-05
-0.05523467
-0.05615276
-0.051078036
0.011230096
0.013952039
0.04012274
-0.027779453
-0.019987874
0.010446876
0.0060865358
0.021085933
0.04871527
0.03662104
-0.05205801
0.031267338
-0.061386175
0.059856236
0.024042785
-0.048742913
-0.0018442199
0.055318817
-0.034622125
0.05832068
-0.011052586
-0.029307976
-0.011139251
0.046935312
0.05317697
-0.05610755
0.028041765
0.0021239668
0.038168922
0.02279216
-0.05031906
-0.03222564
-0.03471242
0.005118482
-0.05495163
-0.018367887
0.05402001
0.049878098
0.05980254
-0.015277721
-0.005695209
0.029923059
0.015447766
0.016607076
-0.03675524
-0.030162722
-0.007208936
0.01277557
0.023344703
0.025022633
0.021945052
0.027178288
0.025540315
0.014661454
0.060075566
-0.05600921
0.05683098
0.009076111
0.02324853
0.026076302
-0.04693255
0.051593073
-0.04870914
0.008232273
-0.052093536
0.06229905
0.034304954
-0.007619895
0.02108208
-0.048515484
0.051484592
-0.04009039
-0.03172318
0.021689914
0.04309801
0.059209302
-0.045600377
0.05096513
0.062163055
0.029694691
-0.033620402
0.0076461285
0.03712502
-0.033241794
0.015728034
-0.00682538
-0.049640693
0.058391295
-0.05387324
-0.025924288
-0.0025444925
-0.0029665977
-0.045510754
-0.017966852
0.05045829
-0.049342096
-0.056417294
0.050311744
0.0009152591
-0.043261535
-0.0050680116
0.058944777
0.010221332
0.024040923
-0.030817524
0.014768541
0.048667587
-0.040449336
-0.01200705
0.013279408
-0.014310911
0.046141997
0.0070996583
0.043939076
0.054449543
-0.030389272
-0.01795438
-0.06248056
0.035877585
-0.014560588
0.0066935793
0.016986318
0.032747604
-0.056301072
-0.039718084
0.049891733
0.02888938
0.05793318
-0.0055126995
0.002021499
0.0061732084
-0.040587604
0.04034812
-0.010987565
0.05804131
-0.061098225
-0.015807092
0.01179298
0.060126513
-0.04664851
0.040646188
0.041347094
0.036350563
0.052291803
-0.05543387
-0.012809709
0.009933628
0.015703723
0.051848277
-0.015830174
0.044558585
0.026454352
0.016427644
-0.047259904
-0.04695338
-0.029169455
0.036716625
0.054087818
-0.026159666
-0.034215085
-0.039957143
0.060585655
0.0070603937
0.008921966
0.047767878
0.0065537393
0.013331547
0.049783677
-0.044985488
0.027754754
-0.0033186972
0.030202344
0.0052847117
-0.041536912
0.049257904
0.05704929
-0.05704944
0.012892537
0.017883182
0.026864722
0.028799973
-0.052519567
-0.0065908134
0.05493073
0.025902882
-0.012271792
0.046913266
-0.057842538
0.042823486
-0.016821481
-0.04526247
0.0415368
0.03244762
-0.057968676
0.024967566
-0.053400703
0.04359018
0.02156908
0.05667703
0.050000004
0.024049148
0.028507955
0.05801966
0.047469936
0.040245682
0.041713074
-0.015561119
0.049970977
0.008026011
0.018908352
0.034993425
-0.036723964
0.003628455
0.012392156
-0.013935916
-0.029543757
0.05044899
0.01677002
-0.05047763
0.0149353
-0.060949393
-0.046964787
-0.018448181
-0.031779572
0.008934706
0.027810514
-0.06225829
-0.020497233
0.0035421997
-0.0024700835
0.03214632
0.04646778
-0.021517672
-0.017056413
-0.05311601
0.043156676
-0.030606106
0.0016765222
0.054726534
-0.0018168688
0.043610655
0.03839314
0.043734424
0.022181198
-0.027580522
-0.034989096
0.01561299
-0.04716266
-0.025063455
-0.05758916
0.01677093
-0.0008139536
-0.044627234
0.04724008
0.02906654
-0.06012228
0.05093073
0.02827309
0.02748368
-0.040682353
-0.0234031
0.059571534
-0.03175365
-0.047931843
-0.03667874
0.0065021366
0.039108753
0.020256713
0.0052593127
-0.03619422
-0.01348687
0.007635802
-0.027098328
0.055937216
0.03064128
0.009393305
-0.04668895
0.029980749
-0.0043562576
0.04802423
-0.007434927
0.050013006
0.008543611
-0.04436747
0.056082502
-0.019740611
-0.018070921
0.039125115
-0.05804971
0.012411736
-0.053297013
0.0068515986
0.05082748
0.011116579
0.036155373
-0.048039295
0.06001862
-0.030031942
-0.023336492
0.0019979626
0.038355336
0.05119443
0.028468318
0.034430735
0.04949952
0.032907136
0.06105732
0.019262768
-0.005582802
0.046820454
0.015186511
-0.044495106
-0.0042618215
0.016974129
0.05280263
0.038921118
-0.06183164
-0.041110583
-0.053385206
-0.061036274
0.0024253726
0.060177855
0.011506535
-0.015478559
-0.049672373
-0.01542379
-0.027764842
-0.006428115
0.011316486
-0.020853266
0.000704512
-0.03977628
0.013093002
0.015778542
-0.053661145
0.027802184
-0.016306683
0.039140068
-0.044721194
0.0020510554
0.051675864
0.026046596
-0.0053124875
-0.010181703
0.032290094
0.028119594
-0.04466895
0.059997827
-0.02532199
0.013833553
0.03414827
-0.015809916
0.021356165
-0.043100744
0.031232096
-0.019515269
-0.046145007
-0.0014307946
-0.041262604
0.0026965141
0.023989193
0.055522718
-0.028264128
-0.03195849
0.014943443
0.0010956898
0.020956278
-0.052946173
-0.06055545
-0.05327391
0.053967677
0.040164545
0.018166944
-0.00021392107
0.0269306
0.024411827
-0.028501451
5.927682e-05
-0.012002736
-0.026619874
-0.041890547
-0.0032592267
0.055490226
-0.0053587854
-0.04890135
-0.050148964
0.049817912
-0.02703306
-0.037565067
-0.0046328455
-0.053999506
-0.03540615
-0.007169448
-0.03529477
-0.02770359
-0.046784222
0.044282295
0.047547877
0.010649323
0.031969897
0.032276765
-0.03624288
0.012728162
-0.039458983
-0.048222154
-0.04970683
0.056485593
0.044880725
0.0036401674
-0.05144546
0.051338322
-0.022759393
-0.0022859573
0.013607599
-0.05091758
-0.011826828
0.062233627
0.058779173
0.022262976
-0.055460535
-0.028173514
0.056237973
-0.056345582
0.018205993
0.0078001544
0.021545298
-0.046629004
-0.05671759
0.009670883
-0.04765854
0.043361075
0.038863547
0.01777263
-0.013332561
-0.053589717
-0.0332157
-0.028986715
-0.04734628
0.029460408
-0.014850661
0.013338394
-0.04278508
0.024470367
-0.038230427
0.053215533
-0.028960496
-0.015732273
-0.013324499
-0.026222676
0.03491833
0.03148134
-0.011953615
-0.057333246
-0.028895505
0.041505486
-0.014684692
-0.025255516
-0.02331511
0.016518675
-0.040096715
0.038639635
0.0025918484
0.04676631
-0.008401506
-0.01482515
0.043534286
-0.0044972226
0.031492822
-0.045590043
-0.018210456
-0.0021585152
0.018848814
0.0022442788
-0.053260542
-0.0019659325
-0.043283835
-0.04085087
-0.05889325
0.005552478
-0.034812376
0.053045914
-0.05106397
-0.024177969
-0.023302525
0.028841175
-0.057380795
0.062355183
0.060546786
-0.009037897
-0.0315914
0.012173481
0.05489994
-0.048141353
0.058132246
0.0010793954
-0.008790158
0.049457252
-0.035496898
-0.054878995
-0.054175705
-0.018310383
0.05365099
0.045431502
-0.0013471246
0.0026939884
0.057477362
-0.027161807
-0.023677476
0.0039072186
-0.015297383
0.055139348
-0.00047309697
0.045803003
-0.038869835
0.04870659
-0.05446347
0.014826685
-0.009115972
0.055931672
-0.005770147
0.015675
-0.0035747066
-0.05054588
-0.04017148
-0.051451124
-0.03193876
0.04523368
0.051559336
-0.027579278
0.008512601
0.018567309
0.026544705
0.04772818
-0.016975738
-0.031295866
-0.047658905
0.059053056
0.053736463
-0.03898175
0.010088541
0.0042844936
0.027224585
-0.01602862
-0.049719207
-0.05313003
0.0076374784
0.035182178
0.024563767
-0.053844355
0.051303342
0.044985853
0.05148486
0.05636947
0.036468104
-0.00083418936
0.047939874
-0.05853443
0.0061937347
-0.013993166
0.051978156
-0.009027787
0.041498303
-0.03559465
0.012768969
0.002111137
-0.03206166
-0.019191489
0.040688537
-0.015839323
0.017271355
-0.05410566
0.032104596
-0.040405378
0.059020862
-0.056495592
-0.03703551
-0.010812841
-0.044779472
-0.058304347
0.021137752
0.046259455
-0.017931342
-0.02603846
0.058779716
-0.034180738
0.057724647
-0.032930925
0.036803745
0.049130633
0.056902982
-0.025621384
-0.04041084
-0.038128152
-0.023733929
-0.041797742
0.042919084
-0.04525487
0.01718659
-0.012285218
-0.032758407
0.045541786
-0.007574238
-0.005119607
-0.0498498
-0.04208397
0.062466793
-0.007094711
-0.028063424
-0.042882495
-0.05866853
-0.008108288
-0.051025577
-0.060179643
-0.06137204
-0.0030640438
-0.01563058
0.06155771
0.023142532
-0.047630005
0.05142565
-0.022185266
0.0022827014
-0.01771719
0.053901404
-0.042152278
0.005561672
0.05728563
-0.019088373
0.040450566
-0.043203816
-0.025009625
0.04806629
-0.047150537
0.039323963
-0.019094482
0.05022303
0.021236762
0.0034035444
-0.04721117
0.0068676323
-0.051367715
0.039272457
0.016573384
-0.004927233
0.01392711
0.0006176904
0.010326147
0.04160863
-0.03158307
0.043756723
0.016189031
0.060927175
-0.057902627
0.008777373
-0.0036532655
-0.039315373
0.048007682
-0.033070005
-0.04763151
0.034857944
0.0046011657
-0.059766315
-0.012518264
-0.045787975
0.012625888
0.0027080327
0.024239361
0.034914523
0.0029400066
0.01365418
0.0052800775
0.06124658
0.011708491
-0.044339873
0.012681007
-0.00031779706
0.007838048
0.025215343
0.046208844
-0.021015279
-0.026485674
0.048761085
-0.0053623766
0.0012123957
0.062211066
-0.055335626
0.055655546
-0.0030918345
-0.048373617
-0.036025815
0.015508875
0.037551455
-0.007062286
-0.005826801
0.039816894
-0.055531673
0.0102360025
0.060573578
-0.0023567677
-0.039740726
-0.051195845
-0.014353357
-0.025554404
-0.049139507
0.053906165
-0.037038647
0.006729275
-0.04301344
-0.0485105
0.033270508
0.056008093
0.016070165
-0.010751829
-0.04043106
0.049177215
0.026557155
-0.032020383
0.051638052
0.008713655
0.0031201616
-0.037564024
-0.024567552
0.012394749
-0.034200773
0.05552963
0.041961014
-0.031474784
0.009860955
0.03492468
-0.039115466
0.036524795
-0.05165594
-0.021639377
0.008901872
-0.04902059
-0.05294372
-0.040472858
-0.041040458
0.04159259
-0.051859908
-0.05267082
0.050525248
0.056754164
0.019582622
-0.058668613
0.0069847032
0.035763778
0.049350075
-1.9557774e-05
0.04437814
0.058341533
0.043763094
-0.009063445
0.026048876
-0.03807641
0.029332735
0.0066207126
-0.012124792
0.036111258
0.018869929
-0.044028267
0.01440981
0.045196295
0.062200688
0.026827596
-0.01618141
0.04663551
-0.030466288
-0.02236259
-0.039603606
-0.04053162
-0.01786226
0.013758458
0.050390758
0.02162949
0.033880025
-0.018630892
-0.057187013
-0.04215298
0.003960751
0.035379544
-0.03424345
-0.049895912
-0.03289102
0.015226997
-0.03935057
0.041368045
-0.056161568
0.04351428
-0.008046545
0.060303003
-0.029743977
0.014871269
0.027285285
0.006377153
0.023254067
-0.040244132
-0.008991145
-0.013424456
0.016006984
0.020574234
-0.023540266
0.022022352
-0.037105553
0.031305768
-0.04397276
-0.0561217
-0.027837344
-0.0003009811
-0.057252668
0.05204755
0.022430524
-0.0020904094
0.044912018
0.057801485
-0.01814057
0.021579787
0.032670498
0.046034753
-0.022722766
0.043645754
0.024438627
0.041237473
-0.049829684
0.026117288
0.037700877
-0.054532923
0.0048459694
-0.030230038
-0.053026967
0.030193292
0.031809747
0.015616991
-0.021085829
0.0447319
0.027274393
-0.017199278
-0.003380984
0.02184064
0.044098884
-0.042655244
0.04025072
-0.031667933
0.013107255
-0.02489616
-0.05409257
0.061805695
-0.049643643
0.0049303323
-0.049604036
-0.004521139
-0.053619877
0.021492884
-0.019073375
-0.019314699
0.028167985
0.016059652
-0.06034991
-0.06151566
0.059212156
-0.019989781
0.032709338
0.008657925
-0.026117504
-0.041167185
-0.023468077
0.058723122
0.0017598569
0.04428322
0.010587148
0.043088503
0.04456213
-0.05182924
-0.026860148
-0.03657294
-0.021906838
-0.04685069
0.022001177
0.05764155
0.060740873
-0.0073045567
-0.014387876
0.0042187274
-0.016112603
-0.046415746
-0.010754198
-0.04726778
0.06195169
0.04390321
0.028848633
0.048184887
0.002794966
0.04047983
0.033826225
-0.024870686
0.03393297
0.02312082
-0.018083528
0.0034123883
0.039074704
0.028164305
-0.042286083
-0.0033467114
0.014596425
0.041601256
0.028066374
0.0029753745
0.050870053
-0.019548818
0.04546143
0.05097782
-0.03574889
0.05814807
-0.0024778023
0.025472023
0.024330162
0.005745232
-0.04100865
0.059947796
0.013482004
0.056554988
0.034399696
0.0017935187
-0.01587534
-0.029188134
-0.017917968
0.010171078
-0.030319847
-0.044496797
-0.03550353
0.05571489
0.04136838
0.054740228
0.047270477
0.018516943
-0.043384217
-0.0339764
-0.015994042
0.024938881
0.023928769
0.018479876
0.001130037
-0.011373147
0.044061393
0.00019323826
0.05782415
-0.021018393
-0.034956127
-0.06199731
-0.01925315
0.020287871
-0.060015872
0.014533341
-0.041908532
-0.035040453
0.038207166
-0.027318247
-0.048492484
-0.014240451
0.038007
-0.037755407
0.060091898
0.047046594
0.015768781
0.0038361102
-0.041276738
-0.04418114
0.0038588047
-0.0018938631
0.0010491833
0.03056036
0.046432555
-0.040075906
0.05023209
0.021797836
-0.012900345
0.031297036
0.04521268
-0.046439037
0.020294048
-0.042641222
-0.057488948
-0.025110476
-0.040748112
-0.05641269
0.044789113
-0.016477935
0.05276417
0.04905147
-0.016431004
0.050495416
-0.0377504
0.038482174
-0.05112032
-0.003907755
0.05359471
0.04404223
-0.029828638
-0.035377152
-0.034743547
-0.04589595
-0.038531594
-0.038543023
-0.028930582
0.027808174
0.05401083
0.006494634
-0.0409993
0.042059973
-0.057391092
-0.019293956
0.05340538
-0.02351737
-0.022357732
-0.0036756098
0.053575672
0.04727214
-0.047374554
-0.02985008
-0.058853634
-0.024998024
-0.027716711
0.022309437
-0.046353765
-0.03698975
0.033571474
-0.010329641
-0.03082931
0.053359464
0.03921099
0.00901112
0.049076043
0.034915976
0.0134463385
-0.057577275
-0.051961377
0.01530657
0.0072249845
0.062213637
-0.010269225
0.010509506
-0.038840607
0.014244296
0.05650743
-0.03950674
-0.043874748
-0.0013406649
-0.048085086
-0.04275982
0.05075083
0.0013903975
-0.027061492
-0.02983798
-0.062079154
0.017509796
-0.016531117
-0.0059350207
0.047501326
0.01165913
0.017978705
-0.027304374
-0.004846476
0.042531565
-0.0010449439
-0.04883726
-0.031171687
-0.042410553
-0.048698865
-0.012406394
-0.058750346
-0.058006205
0.0025928542
-0.06180407
-0.026956946
0.023690037
0.02067551
-0.015273608
-0.045090534
0.06161403
0.0015079901
-0.058602758
-0.0043497533
0.012475759
0.026273377
0.048356205
-0.061566018
0.029452063
0.03118731
0.0561734
0.0106859505
-0.027299419
0.027898513
-0.002076842
0.025749683
-0.027362205
0.06153114
-0.024580345
0.010481298
-0.060590856
-0.02162426
0.03086862
-0.04538454
0.060336135
0.035622075
0.053112783
-0.039547704
-0.007695459
0.059868217
0.009953864
-0.012645774
-0.02475319
0.0077717453
0.04728932
-0.04695204
0.024254754
-0.061451554
-0.062422976
-0.022473253
-0.013872944
0.0076086
-0.053182557
-0.011167847
-0.030337222
-0.049758278
0.026524134
0.0022592023
-0.045793533
0.06150993
0.05498214
0.015530758
-0.033886634
-0.035757698
0.02527827
0.02840297
0.038883343
0.0016989633
0.025579445
0.010658324
-0.047212467
-0.0008952841
0.055440426
0.017174609
0.0150010735
-0.035683334
0.009407051
0.03460805
0.025862888
0.017434187
0.030748807
-0.017164923
-0.0018038452
-0.0053624213
-0.0030950457
0.0065517947
-0.020702235
-0.022625707
0.013155013
0.02824337
0.03375099
-0.054927982
0.021661624
0.037008286
0.037695907
-0.006419003
0.04528273
0.025473312
-0.02284716
-0.042317048
0.009266108
0.0346497
0.012151577
0.023031637
0.019127838
0.019635014
-0.052570097
-0.031590484
0.016495317
0.045616575
-0.017898716
-0.037904695
0.026979774
0.008307926
0.014779367
0.035252213
-0.02630455
0.017868832
0.021072038
0.04361108
0.015423976
0.033612825
0.006143227
0.028628632
0.0081214085
0.016874671
0.011769712
0.03843905
0.035231896
0.010396071
-0.04664269
0.04966905
-0.029573642
0.0111156255
0.060146935
-0.052339457
-0.050646506
-0.00491713
-0.04712756
-0.03669232
0.010140471
-0.020112075
-0.019092701
-0.04906085
-0.03632565
0.029050425
-0.050609797
-0.062020473
0.042687215
-0.008571193
-0.06097336
0.029796503
0.06207013
-0.04648818
-0.05724363
0.01746431
0.020509213
0.03815569
-0.027885012
-0.02103825
-0.0017051846
0.029349484
-0.043430768
-0.008265771
-0.03372191
-0.028366998
-0.019446537
0.04206954
0.02002491
-0.010454796
-0.0070793033
-0.0057148635
0.017599463
-0.043799788
0.0015787929
-0.03064686
0.020062014
-0.009130739
0.021970384
-0.057783343
0.019179367
0.010552868
-0.035982013
0.029812567
0.015286535
-0.0521625
0.016884789
-0.005800344
-0.05844477
-0.056442983
0.0015885606
0.001483351
0.06182587
0.04062713
0.03929329
-0.022513703
-0.0016504154
0.04778876
-0.046958737
0.030659102
0.052393593
0.0335334
-0.06037408
0.032024108
-0.046973273
-0.026885323
0.060284726
-0.019243754
0.041500248
-0.03818147
-0.048792407
-0.0057392493
-0.04672356
0.027750306
0.03496
0.0066749677
0.044545837
-0.014115222
-0.018538222
0.017731734
0.04444571
0.014097646
0.0023666248
0.03389272
0.048220932
-0.05767277
0.010810591
0.061898053
-0.026874952
0.01337377
-0.041750707
-0.005435869
0.03831713
-0.0029106736
0.004628822
-0.054822087
0.030188888
-0.034064293
0.054141156
0.020342529
-0.005763516
0.061722092
0.03274963
0.053949244
-0.06137003
-0.007828318
-0.0023787022
0.06057933
-0.035298765
-0.037521712
-0.00604447
0.007857889
0.0049147084
0.0034324825
-0.005387895
0.01419536
0.028736442
0.0234259
0.05850116
0.057449155
0.029943265
-0.0010524988
-0.03661579
-0.029815808
-0.026524313
-0.01342082
0.0009122491
0.009139568
-0.0015458539
0.05365
-0.021300979
-0.05597949
0.04307469
0.0012988299
0.041074716
-0.004310362
-0.019414403
0.02154994
0.004822366
0.053583182
-0.043544233
-0.016364127
0.004255466
0.0022134036
-0.058107533
-0.025048658
0.039072268
0.06016931
-0.010089375
-0.011602178
-0.021797545
-0.021771334
0.02256085
-0.0064977333
0.020060793
-0.015111916
0.062422536
0.012276277
0.024001926
0.05191903
0.046305247
0.010440312
0.017882898
0.01805827
0.057374172
0.049199067
0.03381288
-0.02978836
0.030061796
0.029027075
0.03735514
-0.026111737
-0.016602635
-0.03583455
0.061600983
-0.010655664
-0.054264702
0.055430785
-0.010040253
-0.052880652
-0.039999492
-0.0147833
0.040442966
0.048437513
0.019431032
-0.013171352
-0.014815666
0.00063955784
0.028454162
-0.042231098
0.035535373
-0.015539572
-0.0053470954
0.006230317
0.05902026
0.058606885
-0.005552791
-0.03788557
0.0014628544
-0.049136944
0.031551734
0.0440422
0.037059166
-0.015338868
0.016069964
-0.03870301
0.013598852
0.027930036
-0.03132701
0.047289446
-0.05471637
0.049235776
0.05027487
-0.036217615
-0.032391965
0.011112295
-0.03326294
0.04669238
-0.018850304
0.0040325
0.02672077
-0.034417093
-0.010118902
0.020062372
0.012905829
0.005863391
-0.017167501
0.009116195
0.034553103
0.018913
-0.060270555
0.059022687
0.048902072
-0.04502198
0.056214586
-0.036440924
-0.034293175
0.044186607
0.044801913
-0.025946096
0.046460204
0.05394254
-0.009978943
-0.040361486
-0.020984508
-0.057323627
0.026376441
0.049209148
-0.053944536
0.053164713
-0.01943475
0.052763738
0.0064008906
-0.012657493
-0.025965981
0.007977411
0.0025069192
-0.027777769
-0.053755805
0.025423132
-0.020659156
-0.04514672
-0.0018222108
-0.016403921
-0.0026392117
-0.011538342
-0.028884314
0.03605055
-0.058436185
-0.013130106
0.034804687
0.012082584
-0.06168346
-0.061997972
-0.026478298
-0.054939613
0.061565317
0.00776162
-0.0117719695
-0.0032621548
-0.03955344
0.052705422
-0.04455325
-0.00940682
0.057241194
0.018983662
0.008203208
0.052661546
-0.0575898
-0.015337765
-0.043213062
-0.010370284
-0.026665285
0.04111118
0.0046305805
-0.034956165
0.021372423
-0.058989473
-0.010467574
-0.039297253
-0.028629906
-0.013090625
0.039777942
-0.024245083
0.004286982
-0.0004697591
0.03048677
-0.018542923
-0.03672488
-0.027508326
0.043299675
0.03581413
-0.032529235
0.0071321353
-0.024876326
0.033998355
0.02367334
0.045397572
-0.05501108
-0.00966686
-0.023768626
0.05595716
0.03578867
0.05397819
0.041160285
-0.03896872
0.017790675
0.049790047
-0.008649401
-0.05399292
0.0418275
-0.045853302
0.017347746
-0.014099263
0.05054625
0.026044331
-0.007667862
0.055634536
0.056102984
-0.0060500577
-0.04983931
0.03701619
0.05778762
0.019461162
-0.044810347
0.05984374
-0.002339974
-0.024909765
-0.045887962
0.023060143
0.039254367
0.0034695268
-0.05731491
-0.014007196
0.031606488
0.036449105
0.043879114
0.03232996
0.006833285
0.008741438
0.009518892
0.014590599
0.02274882
-0.04982695
0.029086351
-0.060827255
-0.059517533
0.0055828393
0.006984018
0.017076023
-0.013398528
-0.058635607
0.004116632
0.0020052567
-0.002302751
0.029047161
-0.035141177
0.051818177
-0.0149256885
-0.040774062
0.045251094
0.008519046
0.023186885
0.033900276
-0.042116985
-0.012693457
-0.024821572
0.036704287
0.041519858
-0.03566081
0.015419655
0.02525337
-0.03255865
0.009480298
0.049337804
-0.023236506
-0.014157496
-0.056344606
-0.046258032
-0.04774326
-0.039423592
0.0051030368
-0.038680196
-0.0073601976
0.016011678
-0.062423043
0.03309685
0.046896055
-0.04558315
0.028978199
-0.015561514
-0.05770888
0.03766694
-0.04275143
0.05564131
-0.0040663183
-0.061657973
0.026058562
0.016420826
-0.052019797
-0.013889313
-0.039497152
0.04551059
-0.019861914
0.024884224
0.06162736
0.02486591
-0.044668235
-0.007298693
0.025584474
0.0573508
-0.047674812
0.017708763
0.06049344
0.031493023
0.015342973
-0.046862535
-0.006349154
0.028772138
-0.004766077
0.0054916963
0.018010184
0.008415483
-0.028697051
-0.0071285665
-0.039294817
0.0066613555
-0.05197195
-0.046568483
-0.053312004
-0.02925273
-0.04589262
0.02077572
-0.007090427
-0.0078786835
0.033716828
0.048128366
-0.036913767
-0.010822974
0.037575014
-0.02352187
-0.016127266
-0.016336627
0.026346706
0.027967997
-0.043507516
0.027129993
-0.052274324
-0.022978596
-0.0562549
0.012461282
-0.035843268
-0.016466022
-0.0369208
0.01278761
0.06127201
-0.025297001
0.045365855
-0.0007176623
0.01635351
-0.042474687
-0.038228996
0.044729084
0.047821462
-0.03147222
0.029873766
0.0039816946
0.02451194
-0.015873857
-0.009534821
0.05088056
0.023087785
-0.046680927
-0.047745332
-0.0035018548
-0.030951403
0.019650236
0.052588016
-0.022966832
0.054027304
-0.041735344
-0.016546413
0.04987102
0.059868447
0.04557722
0.05593355
0.004244022
0.013696499
-0.040291578
0.061220787
0.02002117
0.037150085
-0.0046332255
0.0063615367
-0.028751582
0.003683433
0.011700623
0.055719696
-0.042463772
-0.020603247
0.020188838
0.020038918
-0.048682146
-0.021783449
0.021442331
0.052971207
-0.019685782
0.014193483
-0.031771623
-0.016188733
-0.025821917
0.05992019
-0.05222313
0.021094464
-0.003090635
0.04432539
0.011827521
-0.033823505
-0.046712458
-0.0043410063
-0.0153389275
-0.017569035
-0.060448498
0.006312631
0.014197461
-0.023535565
0.0031402186
-0.049852297
-0.056535713
0.017885156
-0.023469329
-0.027413636
0.03987912
-0.040737927
0.0063476637
0.01781556
0.042474657
0.0029475018
0.019732192
-0.00553184
0.051493853
-0.022156976
-0.0033565685
-0.05474942
0.038751073
0.028611422
-0.03087537
0.027862497
-0.048661456
0.037943058
0.017001487
0.0022400096
0.04333634
-0.036572322
0.05234576
0.04343351
0.025791816
0.0012361109
0.012156516
0.008843116
-0.0059301555
0.004358463
-0.023755021
0.01508598
-0.060406856
0.0021768957
-0.014082
-0.045724794
-0.023695067
-0.03628496
-0.0011463389
0.04004103
0.017292783
-0.039663374
-0.012831546
-0.012898259
-0.0459921
0.041038662
-0.059509113
0.009592295
-0.060708314
-0.007402085
0.018796466
0.061231382
-0.031701945
0.02118741
0.043678515
0.002451986
0.037046403
-0.039978832
0.010916218
-0.06031897
-0.058676787
-0.025218524
-0.0127821565
-0.029391274
0.021858975
0.02900464
-0.061675057
-0.0024306476
0.048426285
0.046311125
-0.024145864
0.037590668
0.035805434
0.05146616
-0.010655634
0.046879053
-0.01114019
-0.009378269
-0.027603246
-0.020959511
0.03088741
-0.03840918
0.0252074
-0.058574855
-0.015429787
0.037507825
0.04262331
-0.016887218
0.055137627
0.03468515
-0.056802377
-0.053513214
-0.043214977
0.028914437
-0.05898136
-0.01556576
-0.023822516
0.043897614
-0.018552087
0.033944666
0.02140709
0.027597837
-0.042631954
-0.04947927
-0.060714692
0.059533074
0.016319461
0.046022408
0.0018294454
0.0003702715
-0.048924312
0.01247634
-0.024265371
-0.03978771
0.023967654
0.020160072
-0.040123902
-0.051241092
0.029406205
0.0037187263
0.0297193
0.05528588
-0.013946444
0.022781372
-0.024606675
0.024910703
-0.013135284
0.03975311
-0.005728379
-0.05811058
-0.03954816
-0.013650969
0.03636954
0.03617388
-0.026573211
-0.006473571
0.03002929
-0.05819676
0.025941342
0.051275827
0.051101692
-0.0435749
-0.01964271
-0.032081395
-0.0065824986
-0.003200747
-0.012550786
-0.01434654
-0.02871275
-0.051009744
-0.05591415
-0.059841193
0.00779745
0.03748849
0.047517926
-0.008564584
0.059787765
-0.037453152
-0.026578002
0.039185293
0.0063234568
-0.053171396
-0.009209059
0.011213049
-0.03234878
-0.038292907
-0.009385712
-0.03360714
-0.012713656
-0.05110254
-0.008840397
-0.023688167
0.0051950216
0.026157036
0.033040643
-0.017016336
-0.03645195
-0.033636287
-0.00040917099
0.050837405
0.034314223
0.018883951
-0.0058866814
-0.056482367
-0.04590468
-0.036249846
0.038406737
0.03814862
0.0432197
-0.04525888
-0.04224342
0.0023960397
0.0183428
-0.055008866
-0.034285642
0.025652923
-0.048278846
0.046254493
-0.062257357
0.0125459805
-0.00764443
0.01252497
-0.022472419
-0.015485488
0.050313212
0.058389425
0.05683861
0.0017205179
0.022949629
0.024251126
0.042267203
-0.053093873
-0.020526052
-0.011022687
0.04965608
0.05709944
0.0342239
-0.033041842
-0.03150876
0.021926038
0.032553844
0.052514486
-0.04597711
-0.008493513
0.011154555
0.0032938644
0.061976366
-0.041449152
-0.015465744
-0.027139954
-0.01768455
-0.028027184
0.030404083
0.01449167
0.018605813
-0.020281918
-0.0013244301
0.0056952015
0.0453088
0.0024882555
-0.035513267
-0.047557287
-0.037434302
0.06065011
-0.019579358
0.019166335
-0.027734138
0.013879463
-0.043464057
-0.03998263
-0.05623232
-0.043540172
-0.0019042343
0.010215014
-0.020920686
-0.03762517
0.047661997
-0.04969193
-0.0036696866
0.0033805445
0.0089509785
-0.01445245
-0.02127792
-0.0146125555
-0.004966207
0.051621266
0.025000557
0.02508296
-0.058712825
0.028202161
-0.030428283
0.008688748
0.03938604
0.009331383
0.0084763095
-0.032101072
-0.050705634
-0.024561517
-0.049554124
0.04595431
0.005325958
-0.032197237
0.022038512
-0.015020117
-0.00889916
-0.030358255
0.017356709
-0.010720544
0.05790697
0.04880114
-0.008724384
-0.016199142
-0.014936529
0.039264433
-0.041638628
-0.042933255
0.0005750358
-0.040090248
0.033660702
0.050428957
0.016907617
-0.031618394
-0.03841047
-0.03335364
-0.029249713
-0.009644993
-0.04394169
-0.0051353425
0.046306722
-0.028590955
0.007690981
0.0138179585
-0.013284877
0.0015156344
0.017897822
-0.050140575
-0.044177726
-0.049628228
-0.02314248
-0.016791888
-0.010000102
-0.011641353
0.052305475
-0.00865531
-0.02144228
0.011329256
-0.013805091
0.04659672
0.039727658
-0.0064953268
-0.057844564
0.06118013
-0.03165531
0.024438404
-0.0044241548
-0.04774323
-0.04310812
0.025637083
0.044962563
0.027747259
-0.022233263
-0.035083413
-0.040861867
0.060301043
0.0042170584
0.01770433
0.0029309317
-0.061642744
-0.040394552
-0.023010492
0.03460768
-0.012397483
-0.0110377595
-0.017477065
-0.0069027618
0.057972185
-0.016467705
-0.022448055
-0.0029351413
-0.050876766
-0.010672092
-0.015836239
-0.053038374
-0.051137343
-0.028165706
-0.010982789
0.037821174
0.012584016
-0.006985344
0.050343312
0.03858228
0.0075633526
0.029914439
-0.049569324
-0.05454856
-0.03030736
0.0011887923
0.013128914
0.0036249533
-0.026421547
0.017385043
-0.019510739
-0.03666488
-0.053900786
0.03207089
0.023386136
0.051022835
0.012268968
-0.009354129
0.04239761
-0.011219017
0.04326015
0.0156345
-0.042953625
-0.02384805
0.025813103
0.05389929
-0.051531218
0.03903652
0.03143783
0.012567326
0.025212608
-0.041059382
0.029419258
0.022273488
0.04323657
-0.020747744
-0.013896368
-0.027330115
-0.028611705
0.060352392
-0.012854718
0.029788591
-0.0024117976
-0.06146965
0.04053355
-0.016885065
0.009071812
0.055557586
0.042101912
-0.05713675
-0.0074511245
-0.012958251
0.009832181
0.0074897707
0.014332019
-0.04024998
-0.05164087
0.0048324317
-0.008896813
0.026569478
-0.050250925
-0.021187752
-0.04006636
-0.017271318
-0.048842214
0.007623352
0.060962766
0.030207612
0.023840018
0.012756288
-0.031130657
0.025217667
-0.026692674
0.05016382
-0.049963646
-0.040339574
-0.022918597
-0.06045357
-0.046045378
-0.026493229
-0.028089345
-0.03215739
-0.049411304
0.0028989837
-0.02303315
0.03674657
0.0080951005
0.01562643
-0.0032435432
-0.02099388
0.037989706
0.04147169
-0.052942872
0.051400088
-0.053879455
0.0038442835
0.003108807
0.025637828
-0.04582846
0.015785098
0.03964892
0.033899277
0.043107823
-0.0022410154
-0.054334484
0.011490084
-0.018043317
-0.03549888
0.048932835
0.012366995
-0.0032045096
-0.017009266
-0.04150708
-0.015428565
-0.012499347
-0.0354914
-0.012839779
0.011482373
-0.021701902
-0.009033367
-0.02464953
-0.024018504
-0.04818187
0.04688874
-0.006658435
0.005522087
-0.015171319
0.055811644
0.014224626
0.0049964488
0.008689299
0.007762611
0.030822806
0.036179908
0.021944031
-0.06212379
-0.043213934
-0.0064221695
0.04755844
0.053575963
0.001953967
-0.019892313
0.0011179522
-0.044272736
-0.026430994
-0.0107237995
0.049288794
-0.051454842
0.041058347
0.038947634
-0.046821244
0.0068318695
-0.020196334
0.045016177
-0.053851485
-0.04843259
-0.015394427
-0.017060265
-0.018099077
0.021341525
0.016131409
0.038259096
0.024867192
0.049225636
0.03584618
0.060620703
0.0047323927
0.04839959
-0.007609278
-0.051385276
-0.036372148
0.054728486
0.05290316
0.03810066
0.050778158
0.004247211
0.045276865
-0.031413436
0.030292079
0.053391725
-0.062110856
0.033082776
-0.001089491
0.023225829
-0.0075236857
-0.0011223331
-0.024946593
0.029043771
0.0296157
-0.042981364
-0.022161692
-0.015898563
0.01064305
-0.047604986
0.00218831
-0.04415936
-0.05950702
0.020778023
-0.0430782
-0.042579755
0.03526017
-0.038314156
5.621463e-05
-0.0024844036
-0.022681594
0.040531293
-0.058603898
0.056690067
0.027619526
0.021570675
-0.011702463
0.06003029
0.025465421
-0.051881537
-0.021584533
0.0003331229
0.04192783
0.044999614
0.045773804
-0.0010234937
0.045920543
-0.053293854
-0.036188126
0.036682136
0.032848656
-0.05503661
-0.049659602
0.008488424
-0.018458933
-0.024187326
-0.021523349
0.054732002
0.034320787
-0.010064684
0.021398172
-0.008217387
-0.011629239
-0.0053851977
-0.04420139
0.02497501
0.057277113
-0.020615779
-0.011345789
-0.020970985
-0.055889882
0.033970356
0.00017090887
0.032475337
0.036016054
0.04896275
-0.05831086
-0.06036465
0.028576113
0.061681494
0.050059937
-0.03379173
0.047177255
0.0038571134
-0.025370069
-0.04435636
-0.050865076
-0.012570322
0.018337421
-0.061583333
-0.023621067
-0.020145535
0.0010876879
-0.021356985
0.018324971
-0.041270904
-0.015841134
0.0015682057
0.058470674
0.049423546
0.051905558
0.0220825
-0.051320843
-0.048448876
0.052366666
-0.051341377
0.02304829
-0.018566184
0.004339464
0.056382246
-0.042000934
0.0407919
-0.023218766
0.062338546
-0.031036235
-0.011550471
0.014555119
-0.018499658
-0.036492616
0.006685324
0.053431362
-0.03624081
0.020349994
0.004106164
0.059714332
0.029371828
0.05859711
0.020548016
0.0291005
0.046419702
0.056694977
0.04937259
0.023873866
0.011691764
-0.053360403
0.05720736
-0.033740006
-0.015398711
-0.046706907
0.024130575
-0.048221424
-0.03963793
0.0128028095
-0.018015191
-0.045931034
0.04400181
-0.015176505
0.032931916
-0.01654414
-0.017313212
-0.060942404
-0.026250683
-0.0024352446
-0.043227397
-0.05332555
0.038735695
0.027629025
-0.01738242
0.032283396
-0.039796993
0.059387207
-0.04676102
0.020206824
-0.05876644
0.010311216
-0.00988774
-0.00889118
-0.013768628
-0.034578122
0.007623069
0.009622887
0.022362784
0.06092675
-0.05323875
-0.046073124
-0.016370669
-0.033893004
0.021934949
-0.0034203678
-0.044406116
-0.051448114
0.060492158
-0.0354079
-0.025605328
-0.024941497
0.036275133
-0.050033562
0.03850822
-0.051012576
0.034554288
-0.049225695
0.008721158
-0.034490548
0.03441246
0.027616374
-0.037729777
-0.006852478
-0.028948776
0.035734706
-0.04164411
0.027515836
-0.0032160878
-0.04392989
0.0012972355
0.0290806
0.0017564446
-0.050654463
0.006848499
-0.014077827
0.021894798
0.05313313
0.042135775
0.048845284
0.028352909
-0.054080255
0.0005343482
-0.032306924
-0.0051538646
-0.010813683
0.015829548
-0.028287284
-0.042269804
-0.04333608
-0.03612856
0.006844379
0.031742074
0.04263591
-0.023469493
-0.04108034
-0.046935365
-0.038584672
-0.04947879
0.029555127
0.049635246
0.025508739
0.019131377
0.053981856
0.010559313
0.045838133
0.033409335
-0.019818157
-0.04992965
0.03294047
-0.010783233
-0.016471796
-0.03922116
0.03136859
0.005001068
-0.03397174
-0.005315833
0.0019088387
0.0050552636
0.037502423
0.036120787
-0.021942973
-0.037967622
-0.0059384406
-0.018323675
0.00075306743
-0.017846674
-0.032995358
-0.028734945
-0.016854621
-0.010343328
-0.010676108
0.0079415515
0.05735255
0.055453897
-0.029258557
-0.0042387843
-0.048387155
0.036300756
0.060573302
-0.038306348
0.0022039264
-0.055291392
-0.049947448
-0.009748913
0.03659688
0.009651363
0.04335788
0.04547008
-0.03588
0.023098469
0.009874731
0.00058832765
0.02164676
-0.035940006
0.0073409304
0.04871282
-0.00036302954
0.04904498
-0.061253533
0.005394362
0.03725318
0.05405911
0.03361918
-0.014242992
0.054588743
-0.0006482452
-0.0088559985
-0.053710215
-0.011491321
0.01704809
-0.021217443
0.036334977
0.026045792
-0.038712718
-0.007422112
-0.04450734
-0.022813253
-0.05610411
0.027753375
0.037795417
-0.010479845
-0.049087293
0.0037940517
-0.052995108
-0.03901501
0.037081234
0.046958163
-0.05532869
0.061992563
0.051192105
-0.028691709
0.027198441
-0.019660912
-0.019420952
-0.056044884
0.0076399967
0.031160831
0.025968999
-0.048437715
0.052347295
-0.055785485
-0.048622362
-0.016143508
0.057262093
-0.040386185
0.046495683
-0.051760517
0.035815395
0.0015003979
-0.052210867
0.057386577
-0.038149938
0.05758875
-0.048825674
-0.051038675
0.03414838
0.056094505
-0.05740369
-0.050118946
-0.029065028
-0.02433756
0.048339643
0.06165611
0.0048257634
0.024884365
-0.00557746
0.041922964
-0.020362824
-0.011189684
-0.047685623
0.048795022
-0.00044304878
-0.053711005
-0.05136486
0.054794133
0.041740134
-0.023160115
-0.061654896
0.04315249
-0.05680617
0.0033572912
0.037728593
0.04104927
0.057598397
0.043910436
0.038141884
0.052222468
-0.031938076
0.029979944
-0.05467677
-0.037316814
-0.05171404
0.05812645
-0.033606373
0.058431648
-0.021003991
-0.024892911
-0.005433649
0.029004313
-0.020145647
0.0011583045
0.04890237
0.009528071
-0.03469687
0.044143572
0.017629758
-0.014966726
0.05105547
-0.03482487
0.0050570145
-0.052355498
0.014732011
-0.0075725317
0.027303599
0.05890105
-0.0006816685
-0.04270082
-0.015010744
-0.0106548965
0.05238951
-0.05767145
-0.059378922
0.033919796
0.058336765
-0.014282234
-0.0010912269
-0.056130268
0.008137204
0.016589314
-0.030352883
-0.0054131895
4.8674643e-05
-0.04634674
0.010284007
-0.055993922
0.061380073
-0.007891931
0.062451303
-0.0015337393
-0.039646775
-0.047307625
-0.019798897
-0.001959689
-0.01920724
0.022141658
-0.053973198
-0.011759423
0.058242157
-0.018304415
0.027926438
-0.0056227744
0.019261532
-0.019583762
-0.043338433
-0.02017206
-0.05612129
-0.056589253
0.020083815
-0.021334007
-0.04451859
0.027213022
0.019043691
0.039368287
0.03398508
-0.01586876
-0.023200996
0.003289111
0.04659348
0.0070158243
-0.04427454
0.005000055
0.060658015
0.05700715
-0.0077946186
0.032793336
-0.055250578
-0.031248204
0.049243182
-0.017800957
-0.04076045
0.005581595
-0.055366233
-0.013300031
-0.051745407
-0.026621915
0.041204862
-0.0003755316
0.0031476542
0.019229747
0.0014591068
-0.023719534
-0.04171376
0.04972893
0.059301876
0.043076098
-0.0270845
-0.005656898
-0.029221691
0.040440865
-0.0616159
0.008094817
0.044537045
0.02659864
-0.051672697
0.04650134
0.029371247
-0.033391446
0.056958213
0.022403397
0.036163665
-0.022015125
-0.01615905
0.03911127
0.04965006
0.048894554
-0.059197076
-0.040628187
-0.013285719
-0.05645501
-0.011489943
0.014152579
0.010290831
0.0602782
0.008648001
0.04593744
-0.018243156
-0.05588021
-0.026935577
0.051730298
0.010014117
-0.020685598
-0.057882927
0.016142674
-0.054575384
0.0053512678
-0.007086523
-0.020509213
0.04308013
-0.029409178
0.057234004
0.02111429
-0.009871155
-0.011107743
-0.02975832
-0.042626165
0.029000014
0.019890867
-0.010756314
-0.031208485
-0.008274272
-0.046423078
0.05792351
-0.0015160367
0.044425495
-0.016067952
-0.037146695
0.021953985
0.012666404
0.0435637
-0.02439712
0.020588614
-0.0382023
-0.03416626
0.020793274
-0.012883037
0.030879036
-0.018495575
0.022271283
0.022157423
0.0054715276
0.062292248
-0.013823539
-0.009952851
-0.044824056
-0.03050483
-0.019238017
0.0058973283
0.049926206
0.05885248
-0.0263241
0.036091268
0.0007896945
-0.053811453
0.051653795
-0.06131442
0.024045624
0.05370111
0.0059272125
-0.03004571
0.012964405
-0.027992047
0.022513464
-0.03700079
0.058219016
0.04385093
-0.048133202
0.056162365
-0.05508048
0.016962163
-0.012796789
-0.009302348
0.05424869
-0.0015655234
-0.017279595
-0.02888973
-0.059161246
0.03396929
0.03340867
0.04395628
-0.0068406537
-0.05048026
0.018517174
-0.011703022
0.054485977
-0.030892745
0.043180972
0.016158469
0.015421942
0.057384804
-0.014780998
-0.036490776
-0.039657623
-0.005137913
0.057930686
-0.026063077
-0.06155903
0.021139555
-0.027666613
0.044634394
-0.016397156
-0.024029344
0.026573159
0.05229073
0.017740048
-0.0014798194
0.036039606
0.009438403
0.02312851
-0.008208618
-0.026561148
-0.050642505
0.025580466
-0.024114788
-0.04178653
0.018169172
-0.015936725
0.054849118
0.020173699
0.009339072
-0.018637367
0.012434132
0.007418111
0.0035947934
-0.013667978
0.022091202
0.0032324344
-0.017438501
-0.035456218
-0.03083866
-0.05596359
0.007854126
0.049760595
0.003145285
0.011707969
-0.03848833
-0.014903016
-0.050279357
0.00067833066
-0.043459162
-0.027196236
0.04873023
0.006469257
-0.019324958
0.06075695
-0.05449552
0.03105615
-0.058464475
-0.010544032
-0.038398728
-0.03225536
0.007778153
-0.057895444
0.06088583
-0.004417114
-0.008998714
-0.0062292516
-0.0006798357
-0.043574877
0.060605355
0.0029484406
0.0010163188
0.055341087
-0.04149936
-0.015108682
-0.06046985
0.06102425
-0.038103394
-0.062400922
0.0018539801
-0.013660178
0.028947614
-0.023000546
0.00045827776
-0.02075553
-0.041875005
-0.033179842
0.03290175
-0.054691225
0.04211814
0.040198363
-0.046280205
-0.05302044
0.006360814
-0.029510848
-0.020307533
-0.057876743
-0.04287394
-0.009101659
-0.04109455
-0.029154241
-0.029037543
-0.0032929108
-0.03907709
-0.03164471
-0.046002366
0.04071919
0.05293075
-0.031011447
0.025685638
0.051757872
-0.02452296
0.040728487
-0.05783187
0.04258246
0.0421656
-0.04108107
0.008984365
0.047558963
0.016745836
0.034523778
-0.057693034
0.015687644
-0.011902243
-0.0045038015
0.046400085
-0.010514773
0.056844644
0.010511905
-0.061737925
-0.0081703365
0.02448026
0.017049968
0.032499626
-0.00791017
0.03979467
0.024666272
-0.031979583
-0.03746342
0.051736675
-0.05618684
0.060720652
-0.013701536
0.055878945
-0.027556375
0.062448762
-0.046216883
0.05747924
0.027999222
0.04426849
0.055590793
0.03654047
0.0031674057
0.00020644814
-0.049608298
-0.04844486
-0.022004195
-0.013586387
-0.050157182
-0.047468714
-0.020807125
-0.03971816
0.060379498
0.024030633
-0.020600699
-0.042925887
-0.011915535
-0.021015085
-0.022544473
0.0015526637
0.006928332
0.059864245
-0.034793094
-0.0097377
0.023767829
1.5050173e-06
0.014350504
0.03928584
0.034282327
0.026917093
-0.0132678
-0.014228761
-0.03645646
0.05920784
0.034660377
0.04322335
-0.010704435
-0.049607195
-0.0051061586
0.022749104
0.039737172
-0.002618216
0.017882235
0.0070270076
0.0017442033
-0.020638287
0.008861743
-0.010445096
0.05449061
-0.05483651
-0.060531266
0.057597943
-0.03640251
0.010593899
-0.03390722
-0.0055337325
0.0037427768
0.044889055
-0.05206585
0.036585405
-0.020644262
-0.039776668
0.019065201
-0.020606905
0.034217894
-0.01586292
0.021017812
0.01654274
-0.006556481
0.039340094
-0.029258482
0.00079176575
-0.013457201
0.0095065385
0.05192166
-0.041201733
-0.02304338
0.055059083
-0.024991497
0.026495636
-0.026444621
0.046018444
-0.034609824
-0.015821017
-0.057299964
-0.05630578
0.04822263
0.037122622
0.050535813
-0.051432647
0.0524142
-0.0034569055
0.0065664575
0.04041484
-0.030557118
0.0026287585
0.005756572
-0.026975192
-0.028198883
0.03780508
0.04261647
0.055049837
-0.033859767
0.033160016
-0.0585474
-0.022046037
0.041094795
0.041312374
0.009897158
0.002347067
0.039751746
0.023976997
-0.004419267
-0.010683291
0.052385703
-0.058252342
0.04720664
-0.038009904
0.02904994
-0.049773127
-0.04966499
0.017379723
0.012408324
-0.016847298
0.046360284
-0.030076608
0.055246897
-0.033007942
-0.034820616
0.029206678
-0.029783815
0.049809195
-0.016045526
-0.05963034
-0.03637714
0.059931464
0.026236199
-0.05061833
-0.011903331
-0.011618957
-0.017155357
-0.061105825
-0.022870876
0.060066536
-0.056080468
0.057902575
0.019320622
-0.014941923
-0.028350167
0.0118034035
0.010860905
0.051273257
-0.009265713
-0.037638947
0.000363335
-0.010136008
0.016772129
0.0042156354
-0.05417704
0.044267498
0.047025472
-0.027717188
-0.0035050064
0.051953033
-0.051005
-0.016563006
0.033862688
0.018051669
0.0034800246
-0.021344222
-0.032710217
-0.029965669
0.0033021718
0.058998056
-0.05306659
0.045253247
-0.0007233247
-0.027427584
0.0101477355
-0.054765865
0.0040615425
-0.020870939
-0.06088657
-0.010165796
-0.011267006
-0.031767227
-0.04462021
0.008731112
-0.005822569
0.008892015
0.015963122
0.020329341
0.008228362
-0.016285911
0.025540702
0.0060003996
-0.058026627
0.0069160536
-0.03389194
0.010312729
0.058088608
-0.00549832
-0.047063947
0.03806457
0.027114786
0.0428548
-0.0435329
0.0196978
-0.0551463
0.01321701
-0.06151823
0.034363255
0.016538374
-0.02728746
0.03169445
0.05610101
0.0004778579
0.05612044
0.05875565
0.027468003
-0.041556366
-0.022204556
0.033914693
0.036566935
-0.049239933
-0.06028352
0.016596302
0.059004217
0.01971364
-0.038923852
0.034205563
0.031197459
0.023839079
0.019681588
0.022799976
-0.016868569
-0.0013079643
0.045926012
-0.01454702
-0.003881894
-0.061172135
0.0017740652
-0.0536974
0.04127176
-0.03292846
-0.057457805
0.036236867
0.037935823
0.04514251
-0.062168032
-0.023725592
-0.045556307
-0.05295617
0.017154403
0.013303503
-0.033650123
0.034891024
0.015491836
0.024936609
0.027949922
-0.015819766
-0.022285774
0.00030889362
0.040271983
-0.06230571
0.047914147
0.016735263
-0.028423883
0.043661095
0.057843544
-0.016441822
0.0146503
-0.058513336
0.019353293
0.012205012
-0.014187269
-0.051563017
0.041239843
0.008823469
0.0101211965
0.027630173
0.061768107
0.017188907
0.0074490085
-0.03520029
0.051526338
-0.05730477
0.021242067
0.01509846
-0.0017764345
-0.028321974
0.06203255
-0.034612566
0.046509363
0.020393774
-0.0014276877
0.060236752
-0.05342932
-0.009403296
-0.0154430345
-0.06128981
-0.0061800256
0.002362892
0.009009555
0.056897342
-0.026346713
0.025855169
0.02886349
0.0457395
-0.015639305
-0.028748736
0.01615253
-0.012339674
0.036821507
-0.017592952
0.020091861
-0.05840178
-0.06074836
0.040977053
0.04259315
0.019695245
0.018238045
-0.03594459
-0.03240913
0.0498735
-0.01389987
-0.018474951
-0.0049251243
-0.029174581
0.058381416
-0.017452776
-0.014965497
0.008400276
0.0028664917
0.046108782
0.019764982
-0.061372608
0.040726654
0.0146277025
0.044449173
-0.03495171
-0.02020163
0.053531744
-0.0266985
0.012539737
-0.061446436
-0.0005341992
0.06162584
-0.04324594
-0.027520597
-8.2843006e-05
-0.037610516
-0.055539496
-0.03385192
-0.0020985827
-0.041596055
0.04695954
0.040723816
0.048141323
0.022173777
-0.019616611
-0.0379067
-0.00057448447
-0.04184042
-0.051296793
0.0067926273
0.036691256
-0.027947642
0.034302212
-0.041373298
-0.058337137
0.0058962777
0.018004157
-0.03389714
-0.040295348
-0.05620314
-0.023915887
0.0011759177
0.030976556
0.011606567
-0.02095589
-0.02208779
-0.031287067
0.056928925
0.055016376
-0.02962295
-0.059788786
-0.0055686384
-0.044683322
-0.03913472
0.05522988
0.019437462
-0.038551554
-0.021067426
0.0035367534
-0.0039435774
0.028763779
-0.025781214
-0.042166613
-0.0464798
-0.034527183
0.041883968
-0.01734639
0.032171227
0.048767515
-0.038570844
0.060880996
8.493662e-07
0.014091529
-0.009097546
0.012750864
0.04838685
0.025629014
-0.050856613
-0.052975617
-0.060027122
-0.042229183
0.03128355
-0.059742853
-0.026434414
0.037095897
0.0031995624
-0.001027897
0.0123813
0.00090973824
-0.04682248
0.00204131
-0.029645585
-0.032838523
-0.016501218
0.0065886304
0.00019733608
0.011824995
-0.03255853
0.002379626
0.020082995
0.0017369315
0.042861044
0.0037182271
-0.030909404
-0.024915792
-0.0074094534
-0.025798954
-0.048616663
-0.052517273
0.015946247
0.036246836
-0.029245153
0.054447323
0.058789484
-0.03721486
-0.03209804
-0.048521236
0.012638472
0.017476298
0.008845344
-0.04610008
0.029214248
0.044470243
-0.058388352
0.06112896
0.035907045
0.03951253
0.020477474
0.031384632
-0.035296865
0.0355791
0.020894744
0.06194102
0.019619808
0.0076465085
0.0351723
0.0066568404
-0.026852764
-0.061490178
-0.03426929
-0.034675084
0.017749302
0.062275216
0.03828772
0.04205372
0.049447753
-0.027746595
-0.010286942
-0.004774697
0.056880817
0.05272595
0.01412598
0.054611057
-0.027541138
-0.048400827
-0.04793466
-0.019507982
0.02248118
0.031278662
0.0233204
0.023684561
-0.01041764
0.048428357
0.03836175
0.048078142
-0.060263872
-0.032701477
0.028013907
-0.01957973
0.059408158
0.049790762
0.0397302
-0.055291742
-0.034349546
-0.0178973
0.059206493
0.042812757
-0.038546145
-0.04924792
-0.04318575
0.028630607
-0.05242966
-0.026728556
-0.025042787
0.03560324
0.05484368
-0.036108047
-0.029449128
-0.0056660995
-0.023271494
-0.055364057
-0.039000064
0.02393271
-0.02999504
0.0002714768
-0.040637843
0.010839976
0.019699551
-0.02169779
-0.034231998
0.017397605
0.053966008
0.0346051
-0.0063824877
0.0482022
0.012906045
-0.055831857
-0.014751799
0.03456843
0.0410615
-0.016105808
-0.0024834126
0.05116217
0.011304587
0.0154781565
-0.04566291
-0.061821245
0.020403191
-0.06023191
0.021340705
0.018910013
0.032144345
-0.05740498
0.05926595
-0.031669445
-0.05207333
-0.021363422
0.03150431
0.046985522
0.021643259
0.016306862
-0.03705866
-0.024887547
-0.028911874
0.011593677
