0.4962566
0.7682218
0.08847743
0.13203049
0.30742282
0.6340787
0.4900934
0.89644474
0.45562798
0.6323063
0.34889346
0.4017173
0.022325754
0.16885895
0.29388845
0.5185218
0.6976676
0.8000114
0.16102946
0.28226858
0.68160856
0.915194
0.3970999
0.8741559
0.41940832
0.55290705
0.9527381
0.03616482
0.18523103
0.37341738
0.30510002
0.9320004
0.17591017
0.26983356
0.15067977
0.031719506
0.20812976
0.929799
0.7231092
0.7423363
0.5262958
0.24365824
0.58459234
0.03315264
0.13871688
0.242235
0.81546897
0.7931606
0.27825248
0.4819588
0.81978035
0.99706656
0.6984411
0.5675464
0.83524317
0.20559883
0.593172
0.112347245
0.15345693
0.24170822
0.7262365
0.7010802
0.20382375
0.65105355
0.774486
0.43689132
0.5190908
0.61585236
0.8101883
0.98009706
0.11468822
0.31676513
0.69650495
0.9142747
0.93510365
0.9411784
0.5995073
0.06520867
0.54599625
0.18719733
0.034022927
0.94424623
0.8801799
0.0012360215
0.593586
0.41577
0.41771942
0.27112156
0.6922781
0.20384824
0.68329567
0.75285405
0.8579358
0.6869556
0.005132377
0.17565155
0.7496575
0.6046507
0.10995799
0.21209025
0.97037464
0.83690894
0.28198743
0.3741576
0.023700953
0.49101293
0.123470545
0.11432165
0.4724502
0.5750725
0.29523486
0.7966888
0.19573045
0.95368505
0.84264994
0.07835853
0.37555784
0.5225613
0.57295054
0.61858714
0.69621414
0.5299501
0.25603563
0.7365945
0.02037555
0.20364666
0.37483507
0.25644332
0.32508332
0.09018916
0.39364243
0.6068782
0.17426711
0.47434032
0.8579254
0.44859987
0.5138961
0.45686555
0.6011907
0.81791973
0.9736231
0.81752795
0.97470677
0.46383917
0.050839245
0.2629614
0.8404526
0.49675876
0.25147682
0.11684412
0.032073975
0.0779959
0.39858162
0.774203
0.77032053
0.017784059
0.811891
0.10874528
0.39429486
0.29726368
0.40369236
0.40182865
0.051325023
0.068281054
0.42176026
0.5064661
0.27286255
0.6883496
0.049970806
0.46625638
0.9397097
0.296054
0.95150155
0.6810769
0.048769534
0.8163487
0.44230276
0.27679658
0.89982665
0.09595239
0.55365247
0.39531565
0.8570563
0.63957226
0.7402527
0.6765795
0.37976265
0.39484727
0.08795929
0.77092206
0.89698905
0.8421124
0.14731085
0.52229995
0.14753294
0.22475791
0.20864725
0.6708725
0.20204341
0.4890914
0.52103406
0.8223115
0.122039974
0.15674388
0.20966923
0.8499667
0.3202675
0.92174435
0.6808038
0.563313
0.496278
0.40115923
0.5627332
0.38582766
0.49648678
0.5637965
0.10889745
0.23793429
0.90374637
0.09422666
0.4640969
0.99461937
0.6806185
0.5141565
0.066695035
0.74768895
0.14385962
0.35806787
0.33224183
0.4259563
0.50546914
0.91240376
0.5624194
0.9478464
0.8058562
0.18389302
0.72425205
0.14655197
0.28808743
0.64706135
0.66509604
0.875114
0.33904207
0.50080043
0.7574118
0.016453922
0.8614903
0.08653879
0.50689125
0.41499162
0.23666352
0.5660855
0.91345936
0.35384023
0.20315295
0.31508058
0.0044258237
0.725697
0.25986814
0.16632986
0.21194929
0.787478
0.76478684
0.8837609
0.68136156
0.33302015
0.36027592
0.647715
0.91101736
0.6359461
0.26342732
0.2649613
0.02726549
0.608024
0.21940875
0.054212093
0.93843824
0.1752944
0.44311923
0.64324677
0.51592916
0.16355914
0.09583914
0.8985412
0.58141935
0.91481227
0.3323797
0.6472777
0.3856619
0.47776443
0.1954779
0.66910046
0.65808296
0.4896857
0.38754892
0.1917851
0.8457724
0.12778795
0.70483273
0.33187324
0.258766
0.58982253
0.24027151
0.6152024
0.5981904
0.12875527
0.5832493
0.7129646
0.6979155
0.43706065
0.09010619
0.42292297
0.67365384
0.31756145
0.68979055
0.8329813
0.2389242
0.5049309
0.7067495
0.5391889
0.54176575
0.5624327
0.10692614
0.5392941
0.8462349
0.9505569
0.79387546
0.5670015
0.7335071
0.25676018
0.08565581
0.07003945
0.99880487
0.8173947
0.15438312
0.6956213
0.8775838
0.9998074
0.93719745
0.8873769
0.38537037
0.32452917
0.9105244
0.7801898
0.19911051
0.9495086
0.7415793
0.77256775
0.18661183
0.6434499
0.32471877
0.8906783
0.4100297
0.69465625
0.5888109
0.7127341
0.33008623
0.7437857
0.15076452
0.6129275
0.16170406
0.006731212
0.09847212
0.89473504
0.7705178
0.96910787
0.9005606
0.053477287
0.15878445
0.4192087
0.17528385
0.84719825
0.121996105
0.25604928
0.016954303
0.21612722
0.91123873
0.90938
0.85791886
0.88606364
0.94459325
0.3719685
0.72000104
0.9454652
0.6654094
0.9998382
0.75933146
0.81082416
0.32500392
0.73991376
0.5574533
0.38059133
0.21814507
0.21944171
0.11525959
0.83566517
0.8554656
0.44309366
0.210657
0.88645273
0.81974447
0.537167
0.26393235
0.9595239
0.70447034
0.12042731
0.97854143
0.8796869
0.31775457
0.78107727
0.21590549
0.42164284
0.9245506
0.52065957
0.14639091
0.33288354
0.36427742
0.4035356
0.5478503
0.9624148
0.5267702
0.19128
0.52562714
0.7397436
0.7480201
0.04303074
0.41052878
0.12842774
0.2866572
0.6801467
0.1449349
0.68586344
0.92438906
0.5327942
0.16675615
0.32085752
0.60918206
0.11884099
0.74840516
0.04606521
0.01935333
0.014169693
0.39856833
0.83621645
0.026760519
0.91559356
0.29998857
0.64644206
0.52280146
0.049140453
0.9146645
0.7692217
0.99699783
0.7526061
0.1699655
0.9172919
0.5268722
0.73710823
0.09908545
0.35618675
0.009061217
0.30525374
0.6078656
0.10741913
0.6593821
0.7684034
0.56965464
0.16545832
0.11234015
0.3457417
0.7194791
0.9931982
0.7875145
0.44369537
0.6753082
0.009468555
0.07294935
0.73330396
0.2167924
0.74054784
0.14703393
0.25234455
0.08815551
0.76092035
0.44905245
0.88480055
0.8094361
0.7766713
0.51607805
0.345411
0.39128417
0.5664503
0.74785477
0.14970505
0.91963893
0.44563496
0.08102721
0.22947109
0.94240886
0.9572636
0.036860168
0.85264915
0.7505796
0.79595923
0.9232646
0.23052484
0.6578879
0.7046166
0.35225332
0.66732657
0.3561433
0.80913067
0.3612727
0.31360215
0.6258745
0.6773468
0.25571418
0.54419917
0.78976786
0.45025164
0.65216696
0.3794065
0.6752498
0.1378029
0.2059856
0.24620473
0.95950544
0.36545795
0.49863482
0.25775224
0.99914503
0.9883351
0.122906685
0.09466505
0.12100351
0.49758863
0.37254804
0.17272717
0.32066393
0.59446543
0.23875463
0.61079127
0.38534206
0.25771832
0.56869274
0.9111291
0.16196036
0.5232172
0.31561613
0.99065316
0.025618374
0.0206694
0.9926925
0.18365502
0.5958617
0.45684695
0.3946715
0.3883261
0.8177203
0.5238985
0.013192713
0.20481992
0.32954985
0.7516082
0.17643315
0.9714598
0.38863534
0.410219
0.891779
0.75130385
0.92406017
0.7892222
0.34832305
0.1682638
0.46279848
0.9138188
0.3321901
0.036315024
0.7049642
0.9867357
0.3576584
0.08598822
0.046470165
0.6252997
0.46214014
0.24750638
0.60106593
0.6898794
0.8976595
0.8881911
0.42515814
0.059116423
0.048188448
0.9668448
0.7210276
0.7179537
0.06738949
0.96300787
0.97367156
0.95143014
0.07820749
0.3113383
0.1561181
0.9734828
0.28516
0.27172273
0.76195645
0.26870382
0.25373894
0.45626426
0.45194024
0.11051077
0.91683406
0.27943915
0.67735744
0.9348918
0.7521582
0.57078993
0.9254285
0.5672131
0.2686717
0.97299975
0.61834025
0.012159586
0.3576542
0.15941626
0.9383765
0.41742706
0.044237554
0.46856833
0.81400645
0.6299002
0.6581022
0.5464366
0.68640935
0.378174
0.3010999
0.032645762
0.12333155
0.71670127
0.20394331
0.57173324
0.6595957
0.53540194
0.17582512
0.9781642
0.20925027
0.9112503
0.10224587
0.37972575
0.7719844
0.29570967
0.9200215
0.15592176
0.080114245
0.27454042
0.5808252
0.96037793
0.26129955
0.6788141
0.37464648
0.39156884
0.8676517
0.112507045
0.55310667
0.9702046
0.4312939
0.88821906
0.3460216
0.9024811
0.016334832
0.42793816
0.4121768
0.6620425
0.6961637
0.88390845
0.425507
0.48017246
0.8424056
0.36471343
0.9383168
0.16709393
0.44589508
0.47314453
0.72310495
0.84183806
0.4207481
0.0857597
0.7477461
0.6495659
0.70084965
0.19156617
0.8217978
0.9735775
0.5433857
0.032975793
0.85099494
0.12927437
0.61493605
0.5726589
0.26598173
0.6740978
0.052783668
0.61387974
0.18302453
0.44593316
0.5643144
0.9259722
0.26143986
0.82031804
0.4364831
0.2625361
0.06460017
0.04124081
0.98830533
0.37530023
0.5249744
0.63555616
0.8398661
0.92673707
0.9055086
0.12955844
0.4198916
0.20413119
0.21432412
0.6186035
0.969324
0.099448025
0.80260223
0.24076664
0.40261286
0.89688545
0.38691485
0.5455279
0.15048373
0.92562044
0.43536508
0.13430476
0.64640516
0.14449131
0.10324633
0.5304596
0.8964218
0.358508
0.73533344
0.9296606
0.83163047
0.23771948
0.44519007
0.34265757
0.09793854
0.5002066
0.87621754
0.9212578
0.54665035
0.6135615
0.28353918
0.8774212
0.29194576
0.1526736
0.57699674
0.7996927
0.04920423
0.95198375
0.67986554
0.14969361
0.39229625
0.93378997
0.11638266
0.3538614
0.66399014
0.06195748
0.7740991
0.7602738
0.81010276
0.18122643
0.9980005
0.20361924
0.99917024
0.020154774
0.054515004
0.80709815
0.55225646
0.52884465
0.22312081
0.29026228
0.35380626
0.012922287
0.52598435
0.58842945
0.4995767
0.66146517
0.9744255
0.632942
0.3169638
0.29422665
0.18009722
0.15339059
0.41947508
0.4115672
0.72243124
0.2862816
0.89860183
0.14915991
0.5014211
0.94945997
0.99719256
0.21036887
0.5890645
0.55906135
0.26557416
0.32725257
0.635427
0.1523174
0.58249784
0.71636236
0.30296493
0.9153206
0.46709478
0.72685635
0.9951532
0.34716582
0.7717041
0.3569854
0.4269635
0.41526443
0.4968937
0.3111158
0.61719346
0.5188402
0.8169449
0.39879733
0.5501401
0.31400484
0.08127314
0.7023336
0.56397897
0.29975814
0.33094752
0.63076067
0.40959156
0.82673794
0.52832156
0.68886834
0.7178481
0.37731683
0.71633244
0.86896664
0.5230092
0.59784645
0.5181678
0.8461837
0.28890234
0.23421508
0.7178768
0.06484294
0.5080162
0.27005446
0.8300168
0.034480453
0.8031663
0.9946784
0.60117006
0.46668667
0.9921749
0.28632385
0.45993322
0.28104752
0.43097937
0.60866946
0.5667807
0.40556252
7.969141e-05
0.52560204
0.48518902
0.5752184
0.8831251
0.9860047
0.20335877
0.46882278
0.2996632
0.03917718
0.13617045
0.96928054
0.79153055
0.76857555
0.7778716
0.102760494
0.5525096
0.9653573
0.22095704
0.94479716
0.63141924
0.8517718
0.28580618
0.73050886
0.05675614
0.46825224
0.6667756
0.6499472
0.91840404
0.99132854
0.9548785
0.8356961
0.851531
0.43548512
0.111976564
0.31438643
0.44386774
0.22980672
0.75558543
0.6755136
0.58067596
0.62078035
0.93922615
0.6821157
0.061530292
0.13705963
0.7203748
0.5681396
0.7438458
0.0006400347
0.038565338
0.8066132
0.81982285
0.047644496
0.68979263
0.109577894
0.8786539
0.6568952
0.99439347
0.0070040226
0.018661916
0.838051
0.94391155
0.80634
0.8324149
0.078864336
0.8619068
0.027926445
0.61170083
0.17248261
0.30140227
0.5885344
0.30341
0.42088854
0.02608782
0.02856338
0.69368154
0.28836077
0.19580519
0.30270886
0.09121573
0.100299895
0.79918617
0.75412107
0.56660175
0.22687018
0.6663505
0.5224626
0.1426636
0.6075949
0.95527196
0.008196831
0.0028039217
0.5640625
0.87651116
0.19575512
0.61006856
0.85149264
0.6541582
0.6082054
0.998863
0.82573634
0.21878648
0.54321826
0.7554362
0.94095474
0.002533555
0.77075267
0.35483408
0.010389388
0.610987
0.22779316
0.5708561
0.17537653
0.12373549
0.4575745
0.33203715
0.79243237
0.54310906
0.8902793
0.5937015
0.33921933
0.8386668
0.52732253
0.59384584
0.3391887
0.5017944
0.40386343
0.45749134
0.110060334
0.49692506
0.084977865
0.3924346
0.7897731
0.15232486
0.16297412
0.37791175
0.36293298
0.5846437
0.5830078
0.75354826
0.15555972
0.4647144
0.7796456
0.93248576
0.46352726
0.2106899
0.6437313
0.78473866
0.18762505
0.20985329
0.7209991
